#-- Phi --#
-0.005352 -0.010704 -0.016003 -0.021195 -0.026222 -0.031024 -0.035535 -0.039687 -0.043409 -0.046626 -0.049264 -0.051253 -0.052527 -0.053034 -0.052733 -0.051605 -0.049649 -0.046888 -0.043367 -0.039147 -0.034310 -0.028947 -0.023160 -0.017056 -0.010743 -0.004334 0.002062 0.008336 0.014383 0.020100 0.025392 0.030168 0.034350 0.037869 0.040672 0.042722 0.044000 0.044503 0.044246 0.043261 0.041589 0.039282 0.036400 0.033004 0.029158 0.024924 0.020363 0.015535 0.010496 0.005300 0.000000 
-0.010704 -0.016161 -0.021619 -0.027021 -0.032308 -0.037416 -0.042272 -0.046803 -0.050924 -0.054549 -0.057591 -0.059961 -0.061578 -0.062373 -0.062295 -0.061315 -0.059431 -0.056669 -0.053082 -0.048745 -0.043755 -0.038220 -0.032256 -0.025983 -0.019522 -0.012989 -0.006498 -0.000156 0.005935 0.011680 0.016989 0.021785 0.025997 0.029568 0.032451 0.034615 0.036043 0.036733 0.036696 0.035957 0.034549 0.032517 0.029907 0.026773 0.023170 0.019151 0.014773 0.010087 0.005146 -0.000000 -0.005300 
-0.016003 -0.021619 -0.027291 -0.032964 -0.038576 -0.044059 -0.049338 -0.054328 -0.058936 -0.063058 -0.066589 -0.069420 -0.071449 -0.072583 -0.072756 -0.071926 -0.070089 -0.067273 -0.063544 -0.058996 -0.053745 -0.047921 -0.041660 -0.035100 -0.028373 -0.021603 -0.014908 -0.008396 -0.002165 0.003694 0.009102 0.013987 0.018288 0.021955 0.024949 0.027244 0.028825 0.029691 0.029850 0.029323 0.028137 0.026329 0.023939 0.021013 0.017598 0.013740 0.009490 0.004894 -0.000000 -0.005146 -0.010496 
-0.021195 -0.027021 -0.032964 -0.038968 -0.044973 -0.050909 -0.056695 -0.062238 -0.067432 -0.072158 -0.076285 -0.079678 -0.082205 -0.083746 -0.084208 -0.083534 -0.081712 -0.078780 -0.074817 -0.069944 -0.064303 -0.058056 -0.051364 -0.044384 -0.037266 -0.030142 -0.023136 -0.016355 -0.009895 -0.003839 0.001737 0.006773 0.011213 0.015015 0.018148 0.020588 0.022325 0.023357 0.023693 0.023348 0.022349 0.020724 0.018509 0.015744 0.012468 0.008723 0.004553 -0.000000 -0.004894 -0.010087 -0.015535 
-0.026222 -0.032308 -0.038576 -0.044973 -0.051441 -0.057909 -0.064295 -0.070496 -0.076394 -0.081849 -0.086703 -0.090784 -0.093922 -0.095956 -0.096759 -0.096251 -0.094411 -0.091285 -0.086976 -0.081639 -0.075457 -0.068629 -0.061350 -0.053806 -0.046163 -0.038565 -0.031139 -0.023993 -0.017219 -0.010894 -0.005085 0.000154 0.004776 0.008747 0.012040 0.014637 0.016531 0.017721 0.018216 0.018030 0.017186 0.015709 0.013631 0.010985 0.007807 0.004132 -0.000000 -0.004553 -0.009490 -0.014773 -0.020363 
-0.031024 -0.037416 -0.044059 -0.050909 -0.057909 -0.064993 -0.072077 -0.079053 -0.085788 -0.092121 -0.097858 -0.102784 -0.106675 -0.109315 -0.110529 -0.110202 -0.108303 -0.104888 -0.100096 -0.094128 -0.087222 -0.079629 -0.071590 -0.063322 -0.055011 -0.046815 -0.038863 -0.031261 -0.024094 -0.017433 -0.011336 -0.005849 -0.001008 0.003157 0.006628 0.009390 0.011441 0.012781 0.013420 0.013372 0.012657 0.011297 0.009322 0.006759 0.003641 -0.000000 -0.004132 -0.008723 -0.013740 -0.019151 -0.024924 
-0.035535 -0.042272 -0.049338 -0.056695 -0.064295 -0.072077 -0.079960 -0.087834 -0.095556 -0.102936 -0.109742 -0.115701 -0.120518 -0.123905 -0.125618 -0.125496 -0.123490 -0.119674 -0.114232 -0.107433 -0.099591 -0.091024 -0.082029 -0.072863 -0.063737 -0.054818 -0.046236 -0.038092 -0.030463 -0.023409 -0.016977 -0.011204 -0.006117 -0.001737 0.001923 0.004857 0.007062 0.008544 0.009312 0.009382 0.008771 0.007503 0.005600 0.003090 -0.000000 -0.003641 -0.007807 -0.012468 -0.017598 -0.023170 -0.029158 
-0.039687 -0.046803 -0.054328 -0.062238 -0.070496 -0.079053 -0.087834 -0.096734 -0.105597 -0.114210 -0.122292 -0.129499 -0.135447 -0.139748 -0.142067 -0.142179 -0.140012 -0.135662 -0.129380 -0.121523 -0.112503 -0.102730 -0.092570 -0.082327 -0.072237 -0.062476 -0.053169 -0.044408 -0.036257 -0.028763 -0.021960 -0.015873 -0.010519 -0.005911 -0.002053 0.001051 0.003407 0.005020 0.005904 0.006073 0.005545 0.004342 0.002485 -0.000000 -0.003090 -0.006759 -0.010985 -0.015744 -0.021013 -0.026773 -0.033004 
-0.043409 -0.050924 -0.058936 -0.067432 -0.076394 -0.085788 -0.095556 -0.105597 -0.115753 -0.125785 -0.135358 -0.144042 -0.151340 -0.156736 -0.159780 -0.160160 -0.157773 -0.152748 -0.145418 -0.136259 -0.125810 -0.114592 -0.103058 -0.091565 -0.080373 -0.069662 -0.059550 -0.050112 -0.041394 -0.033426 -0.026227 -0.019809 -0.014177 -0.009333 -0.005277 -0.002004 0.000494 0.002228 0.003211 0.003461 0.002995 0.001834 -0.000000 -0.002485 -0.005600 -0.009322 -0.013631 -0.018509 -0.023939 -0.029907 -0.036400 
-0.046626 -0.054549 -0.063058 -0.072158 -0.081849 -0.092121 -0.102936 -0.114210 -0.125785 -0.137398 -0.148656 -0.159030 -0.167886 -0.174554 -0.178437 -0.179117 -0.176455 -0.170615 -0.162036 -0.151343 -0.139228 -0.126348 -0.113255 -0.100364 -0.087959 -0.076219 -0.065245 -0.055091 -0.045780 -0.037321 -0.029715 -0.022958 -0.017045 -0.011968 -0.007718 -0.004285 -0.001655 0.000185 0.001252 0.001564 0.001140 -0.000000 -0.001834 -0.004342 -0.007503 -0.011297 -0.015709 -0.020724 -0.026329 -0.032517 -0.039282 
-0.049264 -0.057591 -0.066589 -0.076285 -0.086703 -0.097858 -0.109742 -0.122292 -0.135358 -0.148656 -0.161732 -0.173949 -0.184518 -0.192592 -0.197400 -0.198405 -0.195418 -0.188652 -0.178669 -0.166262 -0.152304 -0.137606 -0.122828 -0.108446 -0.094765 -0.081956 -0.070099 -0.059218 -0.049311 -0.040362 -0.032353 -0.025265 -0.019078 -0.013777 -0.009343 -0.005761 -0.003014 -0.001084 0.000049 0.000403 -0.000000 -0.001140 -0.002995 -0.005545 -0.008771 -0.012657 -0.017186 -0.022349 -0.028137 -0.034549 -0.041589 
-0.051253 -0.059961 -0.069420 -0.079678 -0.090784 -0.102784 -0.115701 -0.129499 -0.144042 -0.159030 -0.173949 -0.188049 -0.200382 -0.209907 -0.215672 -0.217003 -0.213666 -0.205919 -0.194460 -0.180266 -0.164401 -0.147837 -0.131347 -0.115467 -0.100518 -0.086658 -0.073940 -0.062358 -0.051879 -0.042463 -0.034072 -0.026670 -0.020227 -0.014717 -0.010117 -0.006404 -0.003557 -0.001555 -0.000377 -0.000000 -0.000403 -0.001564 -0.003461 -0.006073 -0.009382 -0.013372 -0.018030 -0.023348 -0.029323 -0.035957 -0.043261 
-0.052527 -0.061578 -0.071449 -0.082205 -0.093922 -0.106675 -0.120518 -0.135447 -0.151340 -0.167886 -0.184518 -0.200382 -0.214372 -0.225266 -0.231930 -0.233561 -0.229875 -0.221180 -0.208305 -0.192405 -0.174729 -0.156406 -0.138313 -0.121040 -0.104921 -0.090098 -0.076595 -0.064375 -0.053377 -0.043538 -0.034801 -0.027115 -0.020443 -0.014748 -0.010003 -0.006180 -0.003254 -0.001202 -0.000000 0.000377 -0.000049 -0.001252 -0.003211 -0.005904 -0.009312 -0.013420 -0.018216 -0.023693 -0.029850 -0.036696 -0.044246 
-0.053034 -0.062373 -0.072583 -0.083746 -0.095956 -0.109315 -0.123905 -0.139748 -0.156736 -0.174554 -0.192592 -0.209907 -0.225266 -0.237289 -0.244690 -0.246557 -0.242562 -0.233057 -0.218980 -0.201640 -0.182441 -0.162642 -0.143209 -0.124776 -0.107682 -0.092056 -0.077898 -0.065144 -0.053708 -0.043510 -0.034476 -0.026549 -0.019681 -0.013831 -0.008966 -0.005058 -0.002078 -0.000000 0.001202 0.001555 0.001084 -0.000185 -0.002228 -0.005020 -0.008544 -0.012781 -0.017721 -0.023357 -0.029691 -0.036733 -0.044503 
-0.052733 -0.062295 -0.072756 -0.084208 -0.096759 -0.110529 -0.125618 -0.142067 -0.159780 -0.178437 -0.197400 -0.215672 -0.231930 -0.244690 -0.252566 -0.254567 -0.250340 -0.240264 -0.225351 -0.207015 -0.186764 -0.165945 -0.145582 -0.126335 -0.108552 -0.092351 -0.077713 -0.064560 -0.052791 -0.042313 -0.033046 -0.024925 -0.017900 -0.011928 -0.006974 -0.003008 -0.000000 0.002078 0.003254 0.003557 0.003014 0.001655 -0.000494 -0.003407 -0.007062 -0.011441 -0.016531 -0.022325 -0.028825 -0.036043 -0.044000 
-0.051605 -0.061315 -0.071926 -0.083534 -0.096251 -0.110202 -0.125496 -0.142179 -0.160160 -0.179117 -0.198405 -0.217003 -0.233561 -0.246557 -0.254567 -0.256575 -0.252219 -0.241885 -0.226615 -0.207858 -0.187159 -0.165897 -0.145116 -0.125489 -0.107364 -0.090858 -0.075950 -0.062555 -0.050570 -0.039901 -0.030468 -0.022206 -0.015066 -0.009007 -0.003995 -0.000000 0.003008 0.005058 0.006180 0.006404 0.005761 0.004285 0.002004 -0.001051 -0.004857 -0.009390 -0.014637 -0.020588 -0.027244 -0.034615 -0.042722 
-0.049649 -0.059431 -0.070089 -0.081712 -0.094411 -0.108303 -0.123490 -0.140012 -0.157773 -0.176455 -0.195418 -0.213666 -0.229875 -0.242562 -0.250340 -0.252219 -0.247845 -0.237596 -0.222487 -0.203931 -0.183437 -0.162353 -0.141705 -0.122158 -0.104061 -0.087537 -0.072575 -0.059100 -0.047020 -0.036249 -0.026717 -0.018365 -0.011151 -0.005040 -0.000000 0.003995 0.006974 0.008966 0.010003 0.010117 0.009343 0.007718 0.005277 0.002053 -0.001923 -0.006628 -0.012040 -0.018148 -0.024949 -0.032451 -0.040672 
-0.046888 -0.056669 -0.067273 -0.078780 -0.091285 -0.104888 -0.119674 -0.135662 -0.152748 -0.170615 -0.188652 -0.205919 -0.221180 -0.233057 -0.240264 -0.241885 -0.237596 -0.227747 -0.213276 -0.195494 -0.175807 -0.155477 -0.135473 -0.116434 -0.098708 -0.082432 -0.067617 -0.054212 -0.042148 -0.031356 -0.021784 -0.013387 -0.006135 -0.000000 0.005040 0.009007 0.011928 0.013831 0.014748 0.014717 0.013777 0.011968 0.009333 0.005911 0.001737 -0.003157 -0.008747 -0.015015 -0.021955 -0.029568 -0.037869 
-0.043367 -0.053082 -0.063544 -0.074817 -0.086976 -0.100096 -0.114232 -0.129380 -0.145418 -0.162036 -0.178669 -0.194460 -0.208305 -0.218980 -0.225351 -0.226615 -0.222487 -0.213276 -0.199809 -0.183244 -0.164833 -0.145707 -0.126750 -0.108560 -0.091481 -0.075670 -0.061165 -0.047952 -0.035990 -0.025241 -0.015674 -0.007265 -0.000000 0.006135 0.011151 0.015066 0.017900 0.019681 0.020443 0.020227 0.019078 0.017045 0.014177 0.010519 0.006117 0.001008 -0.004776 -0.011213 -0.018288 -0.025997 -0.034350 
-0.039147 -0.048745 -0.058996 -0.069944 -0.081639 -0.094128 -0.107433 -0.121523 -0.136259 -0.151343 -0.166262 -0.180266 -0.192405 -0.201640 -0.207015 -0.207858 -0.203931 -0.195494 -0.183244 -0.168161 -0.151308 -0.133665 -0.116010 -0.098891 -0.082642 -0.067438 -0.053354 -0.040412 -0.028610 -0.017941 -0.008404 -0.000000 0.007265 0.013387 0.018365 0.022206 0.024925 0.026549 0.027115 0.026670 0.025265 0.022958 0.019809 0.015873 0.011204 0.005849 -0.000154 -0.006773 -0.013987 -0.021785 -0.030168 
-0.034310 -0.043755 -0.053745 -0.064303 -0.075457 -0.087222 -0.099591 -0.112503 -0.125810 -0.139228 -0.152304 -0.164401 -0.174729 -0.182441 -0.186764 -0.187159 -0.183437 -0.175807 -0.164833 -0.151308 -0.136107 -0.120046 -0.103792 -0.087835 -0.072495 -0.057964 -0.044350 -0.031713 -0.020089 -0.009508 -0.000000 0.008404 0.015674 0.021784 0.026717 0.030468 0.033046 0.034476 0.034801 0.034072 0.032353 0.029715 0.026227 0.021960 0.016977 0.011336 0.005085 -0.001737 -0.009102 -0.016989 -0.025392 
-0.028947 -0.038220 -0.047921 -0.058056 -0.068629 -0.079629 -0.091024 -0.102730 -0.114592 -0.126348 -0.137606 -0.147837 -0.156406 -0.162642 -0.165945 -0.165897 -0.162353 -0.155477 -0.145707 -0.133665 -0.120046 -0.105511 -0.090620 -0.075801 -0.061356 -0.047489 -0.034334 -0.021986 -0.010519 -0.000000 0.009508 0.017941 0.025241 0.031356 0.036249 0.039901 0.042313 0.043510 0.043538 0.042463 0.040362 0.037321 0.033426 0.028763 0.023409 0.017433 0.010894 0.003839 -0.003694 -0.011680 -0.020100 
-0.023160 -0.032256 -0.041660 -0.051364 -0.061350 -0.071590 -0.082029 -0.092570 -0.103058 -0.113255 -0.122828 -0.131347 -0.138313 -0.143209 -0.145582 -0.145116 -0.141705 -0.135473 -0.126750 -0.116010 -0.103792 -0.090620 -0.076953 -0.063161 -0.049523 -0.036247 -0.023488 -0.011369 -0.000000 0.010519 0.020089 0.028610 0.035990 0.042148 0.047020 0.050570 0.052791 0.053708 0.053377 0.051879 0.049311 0.045780 0.041394 0.036257 0.030463 0.024094 0.017219 0.009895 0.002165 -0.005935 -0.014383 
-0.017056 -0.025983 -0.035100 -0.044384 -0.053806 -0.063322 -0.072863 -0.082327 -0.091565 -0.100364 -0.108446 -0.115467 -0.121040 -0.124776 -0.126335 -0.125489 -0.122158 -0.116434 -0.108560 -0.098891 -0.087835 -0.075801 -0.063161 -0.050229 -0.037259 -0.024456 -0.011987 -0.000000 0.011369 0.021986 0.031713 0.040412 0.047952 0.054212 0.059100 0.062555 0.064560 0.065144 0.064375 0.062358 0.059218 0.055091 0.050112 0.044408 0.038092 0.031261 0.023993 0.016355 0.008396 0.000156 -0.008336 
-0.010743 -0.019522 -0.028373 -0.037266 -0.046163 -0.055011 -0.063737 -0.072237 -0.080373 -0.087959 -0.094765 -0.100518 -0.104921 -0.107682 -0.108552 -0.107364 -0.104061 -0.098708 -0.091481 -0.082642 -0.072495 -0.061356 -0.049523 -0.037259 -0.024791 -0.012313 -0.000000 0.011987 0.023488 0.034334 0.044350 0.053354 0.061165 0.067617 0.072575 0.075950 0.077713 0.077898 0.076595 0.073940 0.070099 0.065245 0.059550 0.053169 0.046236 0.038863 0.031139 0.023136 0.014908 0.006498 -0.002062 
-0.004334 -0.012989 -0.021603 -0.030142 -0.038565 -0.046815 -0.054818 -0.062476 -0.069662 -0.076219 -0.081956 -0.086658 -0.090098 -0.092056 -0.092351 -0.090858 -0.087537 -0.082432 -0.075670 -0.067438 -0.057964 -0.047489 -0.036247 -0.024456 -0.012313 -0.000000 0.012313 0.024456 0.036247 0.047489 0.057964 0.067438 0.075670 0.082432 0.087537 0.090858 0.092351 0.092056 0.090098 0.086658 0.081956 0.076219 0.069662 0.062476 0.054818 0.046815 0.038565 0.030142 0.021603 0.012989 0.004334 
0.002062 -0.006498 -0.014908 -0.023136 -0.031139 -0.038863 -0.046236 -0.053169 -0.059550 -0.065245 -0.070099 -0.073940 -0.076595 -0.077898 -0.077713 -0.075950 -0.072575 -0.067617 -0.061165 -0.053354 -0.044350 -0.034334 -0.023488 -0.011987 -0.000000 0.012313 0.024791 0.037259 0.049523 0.061356 0.072495 0.082642 0.091481 0.098708 0.104061 0.107364 0.108552 0.107682 0.104921 0.100518 0.094765 0.087959 0.080373 0.072237 0.063737 0.055011 0.046163 0.037266 0.028373 0.019522 0.010743 
0.008336 -0.000156 -0.008396 -0.016355 -0.023993 -0.031261 -0.038092 -0.044408 -0.050112 -0.055091 -0.059218 -0.062358 -0.064375 -0.065144 -0.064560 -0.062555 -0.059100 -0.054212 -0.047952 -0.040412 -0.031713 -0.021986 -0.011369 -0.000000 0.011987 0.024456 0.037259 0.050229 0.063161 0.075801 0.087835 0.098891 0.108560 0.116434 0.122158 0.125489 0.126335 0.124776 0.121040 0.115467 0.108446 0.100364 0.091565 0.082327 0.072863 0.063322 0.053806 0.044384 0.035100 0.025983 0.017056 
0.014383 0.005935 -0.002165 -0.009895 -0.017219 -0.024094 -0.030463 -0.036257 -0.041394 -0.045780 -0.049311 -0.051879 -0.053377 -0.053708 -0.052791 -0.050570 -0.047020 -0.042148 -0.035990 -0.028610 -0.020089 -0.010519 -0.000000 0.011369 0.023488 0.036247 0.049523 0.063161 0.076953 0.090620 0.103792 0.116010 0.126750 0.135473 0.141705 0.145116 0.145582 0.143209 0.138313 0.131347 0.122828 0.113255 0.103058 0.092570 0.082029 0.071590 0.061350 0.051364 0.041660 0.032256 0.023160 
0.020100 0.011680 0.003694 -0.003839 -0.010894 -0.017433 -0.023409 -0.028763 -0.033426 -0.037321 -0.040362 -0.042463 -0.043538 -0.043510 -0.042313 -0.039901 -0.036249 -0.031356 -0.025241 -0.017941 -0.009508 -0.000000 0.010519 0.021986 0.034334 0.047489 0.061356 0.075801 0.090620 0.105511 0.120046 0.133665 0.145707 0.155477 0.162353 0.165897 0.165945 0.162642 0.156406 0.147837 0.137606 0.126348 0.114592 0.102730 0.091024 0.079629 0.068629 0.058056 0.047921 0.038220 0.028947 
0.025392 0.016989 0.009102 0.001737 -0.005085 -0.011336 -0.016977 -0.021960 -0.026227 -0.029715 -0.032353 -0.034072 -0.034801 -0.034476 -0.033046 -0.030468 -0.026717 -0.021784 -0.015674 -0.008404 -0.000000 0.009508 0.020089 0.031713 0.044350 0.057964 0.072495 0.087835 0.103792 0.120046 0.136107 0.151308 0.164833 0.175807 0.183437 0.187159 0.186764 0.182441 0.174729 0.164401 0.152304 0.139228 0.125810 0.112503 0.099591 0.087222 0.075457 0.064303 0.053745 0.043755 0.034310 
0.030168 0.021785 0.013987 0.006773 0.000154 -0.005849 -0.011204 -0.015873 -0.019809 -0.022958 -0.025265 -0.026670 -0.027115 -0.026549 -0.024925 -0.022206 -0.018365 -0.013387 -0.007265 -0.000000 0.008404 0.017941 0.028610 0.040412 0.053354 0.067438 0.082642 0.098891 0.116010 0.133665 0.151308 0.168161 0.183244 0.195494 0.203931 0.207858 0.207015 0.201640 0.192405 0.180266 0.166262 0.151343 0.136259 0.121523 0.107433 0.094128 0.081639 0.069944 0.058996 0.048745 0.039147 
0.034350 0.025997 0.018288 0.011213 0.004776 -0.001008 -0.006117 -0.010519 -0.014177 -0.017045 -0.019078 -0.020227 -0.020443 -0.019681 -0.017900 -0.015066 -0.011151 -0.006135 -0.000000 0.007265 0.015674 0.025241 0.035990 0.047952 0.061165 0.075670 0.091481 0.108560 0.126750 0.145707 0.164833 0.183244 0.199809 0.213276 0.222487 0.226615 0.225351 0.218980 0.208305 0.194460 0.178669 0.162036 0.145418 0.129380 0.114232 0.100096 0.086976 0.074817 0.063544 0.053082 0.043367 
0.037869 0.029568 0.021955 0.015015 0.008747 0.003157 -0.001737 -0.005911 -0.009333 -0.011968 -0.013777 -0.014717 -0.014748 -0.013831 -0.011928 -0.009007 -0.005040 -0.000000 0.006135 0.013387 0.021784 0.031356 0.042148 0.054212 0.067617 0.082432 0.098708 0.116434 0.135473 0.155477 0.175807 0.195494 0.213276 0.227747 0.237596 0.241885 0.240264 0.233057 0.221180 0.205919 0.188652 0.170615 0.152748 0.135662 0.119674 0.104888 0.091285 0.078780 0.067273 0.056669 0.046888 
0.040672 0.032451 0.024949 0.018148 0.012040 0.006628 0.001923 -0.002053 -0.005277 -0.007718 -0.009343 -0.010117 -0.010003 -0.008966 -0.006974 -0.003995 -0.000000 0.005040 0.011151 0.018365 0.026717 0.036249 0.047020 0.059100 0.072575 0.087537 0.104061 0.122158 0.141705 0.162353 0.183437 0.203931 0.222487 0.237596 0.247845 0.252219 0.250340 0.242562 0.229875 0.213666 0.195418 0.176455 0.157773 0.140012 0.123490 0.108303 0.094411 0.081712 0.070089 0.059431 0.049649 
0.042722 0.034615 0.027244 0.020588 0.014637 0.009390 0.004857 0.001051 -0.002004 -0.004285 -0.005761 -0.006404 -0.006180 -0.005058 -0.003008 -0.000000 0.003995 0.009007 0.015066 0.022206 0.030468 0.039901 0.050570 0.062555 0.075950 0.090858 0.107364 0.125489 0.145116 0.165897 0.187159 0.207858 0.226615 0.241885 0.252219 0.256575 0.254567 0.246557 0.233561 0.217003 0.198405 0.179117 0.160160 0.142179 0.125496 0.110202 0.096251 0.083534 0.071926 0.061315 0.051605 
0.044000 0.036043 0.028825 0.022325 0.016531 0.011441 0.007062 0.003407 0.000494 -0.001655 -0.003014 -0.003557 -0.003254 -0.002078 -0.000000 0.003008 0.006974 0.011928 0.017900 0.024925 0.033046 0.042313 0.052791 0.064560 0.077713 0.092351 0.108552 0.126335 0.145582 0.165945 0.186764 0.207015 0.225351 0.240264 0.250340 0.254567 0.252566 0.244690 0.231930 0.215672 0.197400 0.178437 0.159780 0.142067 0.125618 0.110529 0.096759 0.084208 0.072756 0.062295 0.052733 
0.044503 0.036733 0.029691 0.023357 0.017721 0.012781 0.008544 0.005020 0.002228 0.000185 -0.001084 -0.001555 -0.001202 -0.000000 0.002078 0.005058 0.008966 0.013831 0.019681 0.026549 0.034476 0.043510 0.053708 0.065144 0.077898 0.092056 0.107682 0.124776 0.143209 0.162642 0.182441 0.201640 0.218980 0.233057 0.242562 0.246557 0.244690 0.237289 0.225266 0.209907 0.192592 0.174554 0.156736 0.139748 0.123905 0.109315 0.095956 0.083746 0.072583 0.062373 0.053034 
0.044246 0.036696 0.029850 0.023693 0.018216 0.013420 0.009312 0.005904 0.003211 0.001252 0.000049 -0.000377 -0.000000 0.001202 0.003254 0.006180 0.010003 0.014748 0.020443 0.027115 0.034801 0.043538 0.053377 0.064375 0.076595 0.090098 0.104921 0.121040 0.138313 0.156406 0.174729 0.192405 0.208305 0.221180 0.229875 0.233561 0.231930 0.225266 0.214372 0.200382 0.184518 0.167886 0.151340 0.135447 0.120518 0.106675 0.093922 0.082205 0.071449 0.061578 0.052527 
0.043261 0.035957 0.029323 0.023348 0.018030 0.013372 0.009382 0.006073 0.003461 0.001564 0.000403 -0.000000 0.000377 0.001555 0.003557 0.006404 0.010117 0.014717 0.020227 0.026670 0.034072 0.042463 0.051879 0.062358 0.073940 0.086658 0.100518 0.115467 0.131347 0.147837 0.164401 0.180266 0.194460 0.205919 0.213666 0.217003 0.215672 0.209907 0.200382 0.188049 0.173949 0.159030 0.144042 0.129499 0.115701 0.102784 0.090784 0.079678 0.069420 0.059961 0.051253 
0.041589 0.034549 0.028137 0.022349 0.017186 0.012657 0.008771 0.005545 0.002995 0.001140 -0.000000 -0.000403 -0.000049 0.001084 0.003014 0.005761 0.009343 0.013777 0.019078 0.025265 0.032353 0.040362 0.049311 0.059218 0.070099 0.081956 0.094765 0.108446 0.122828 0.137606 0.152304 0.166262 0.178669 0.188652 0.195418 0.198405 0.197400 0.192592 0.184518 0.173949 0.161732 0.148656 0.135358 0.122292 0.109742 0.097858 0.086703 0.076285 0.066589 0.057591 0.049264 
0.039282 0.032517 0.026329 0.020724 0.015709 0.011297 0.007503 0.004342 0.001834 -0.000000 -0.001140 -0.001564 -0.001252 -0.000185 0.001655 0.004285 0.007718 0.011968 0.017045 0.022958 0.029715 0.037321 0.045780 0.055091 0.065245 0.076219 0.087959 0.100364 0.113255 0.126348 0.139228 0.151343 0.162036 0.170615 0.176455 0.179117 0.178437 0.174554 0.167886 0.159030 0.148656 0.137398 0.125785 0.114210 0.102936 0.092121 0.081849 0.072158 0.063058 0.054549 0.046626 
0.036400 0.029907 0.023939 0.018509 0.013631 0.009322 0.005600 0.002485 -0.000000 -0.001834 -0.002995 -0.003461 -0.003211 -0.002228 -0.000494 0.002004 0.005277 0.009333 0.014177 0.019809 0.026227 0.033426 0.041394 0.050112 0.059550 0.069662 0.080373 0.091565 0.103058 0.114592 0.125810 0.136259 0.145418 0.152748 0.157773 0.160160 0.159780 0.156736 0.151340 0.144042 0.135358 0.125785 0.115753 0.105597 0.095556 0.085788 0.076394 0.067432 0.058936 0.050924 0.043409 
0.033004 0.026773 0.021013 0.015744 0.010985 0.006759 0.003090 -0.000000 -0.002485 -0.004342 -0.005545 -0.006073 -0.005904 -0.005020 -0.003407 -0.001051 0.002053 0.005911 0.010519 0.015873 0.021960 0.028763 0.036257 0.044408 0.053169 0.062476 0.072237 0.082327 0.092570 0.102730 0.112503 0.121523 0.129380 0.135662 0.140012 0.142179 0.142067 0.139748 0.135447 0.129499 0.122292 0.114210 0.105597 0.096734 0.087834 0.079053 0.070496 0.062238 0.054328 0.046803 0.039687 
0.029158 0.023170 0.017598 0.012468 0.007807 0.003641 -0.000000 -0.003090 -0.005600 -0.007503 -0.008771 -0.009382 -0.009312 -0.008544 -0.007062 -0.004857 -0.001923 0.001737 0.006117 0.011204 0.016977 0.023409 0.030463 0.038092 0.046236 0.054818 0.063737 0.072863 0.082029 0.091024 0.099591 0.107433 0.114232 0.119674 0.123490 0.125496 0.125618 0.123905 0.120518 0.115701 0.109742 0.102936 0.095556 0.087834 0.079960 0.072077 0.064295 0.056695 0.049338 0.042272 0.035535 
0.024924 0.019151 0.013740 0.008723 0.004132 -0.000000 -0.003641 -0.006759 -0.009322 -0.011297 -0.012657 -0.013372 -0.013420 -0.012781 -0.011441 -0.009390 -0.006628 -0.003157 0.001008 0.005849 0.011336 0.017433 0.024094 0.031261 0.038863 0.046815 0.055011 0.063322 0.071590 0.079629 0.087222 0.094128 0.100096 0.104888 0.108303 0.110202 0.110529 0.109315 0.106675 0.102784 0.097858 0.092121 0.085788 0.079053 0.072077 0.064993 0.057909 0.050909 0.044059 0.037416 0.031024 
0.020363 0.014773 0.009490 0.004553 -0.000000 -0.004132 -0.007807 -0.010985 -0.013631 -0.015709 -0.017186 -0.018030 -0.018216 -0.017721 -0.016531 -0.014637 -0.012040 -0.008747 -0.004776 -0.000154 0.005085 0.010894 0.017219 0.023993 0.031139 0.038565 0.046163 0.053806 0.061350 0.068629 0.075457 0.081639 0.086976 0.091285 0.094411 0.096251 0.096759 0.095956 0.093922 0.090784 0.086703 0.081849 0.076394 0.070496 0.064295 0.057909 0.051441 0.044973 0.038576 0.032308 0.026222 
0.015535 0.010087 0.004894 -0.000000 -0.004553 -0.008723 -0.012468 -0.015744 -0.018509 -0.020724 -0.022349 -0.023348 -0.023693 -0.023357 -0.022325 -0.020588 -0.018148 -0.015015 -0.011213 -0.006773 -0.001737 0.003839 0.009895 0.016355 0.023136 0.030142 0.037266 0.044384 0.051364 0.058056 0.064303 0.069944 0.074817 0.078780 0.081712 0.083534 0.084208 0.083746 0.082205 0.079678 0.076285 0.072158 0.067432 0.062238 0.056695 0.050909 0.044973 0.038968 0.032964 0.027021 0.021195 
0.010496 0.005146 -0.000000 -0.004894 -0.009490 -0.013740 -0.017598 -0.021013 -0.023939 -0.026329 -0.028137 -0.029323 -0.029850 -0.029691 -0.028825 -0.027244 -0.024949 -0.021955 -0.018288 -0.013987 -0.009102 -0.003694 0.002165 0.008396 0.014908 0.021603 0.028373 0.035100 0.041660 0.047921 0.053745 0.058996 0.063544 0.067273 0.070089 0.071926 0.072756 0.072583 0.071449 0.069420 0.066589 0.063058 0.058936 0.054328 0.049338 0.044059 0.038576 0.032964 0.027291 0.021619 0.016003 
0.005300 -0.000000 -0.005146 -0.010087 -0.014773 -0.019151 -0.023170 -0.026773 -0.029907 -0.032517 -0.034549 -0.035957 -0.036696 -0.036733 -0.036043 -0.034615 -0.032451 -0.029568 -0.025997 -0.021785 -0.016989 -0.011680 -0.005935 0.000156 0.006498 0.012989 0.019522 0.025983 0.032256 0.038220 0.043755 0.048745 0.053082 0.056669 0.059431 0.061315 0.062295 0.062373 0.061578 0.059961 0.057591 0.054549 0.050924 0.046803 0.042272 0.037416 0.032308 0.027021 0.021619 0.016161 0.010704 
-0.000000 -0.005300 -0.010496 -0.015535 -0.020363 -0.024924 -0.029158 -0.033004 -0.036400 -0.039282 -0.041589 -0.043261 -0.044246 -0.044503 -0.044000 -0.042722 -0.040672 -0.037869 -0.034350 -0.030168 -0.025392 -0.020100 -0.014383 -0.008336 -0.002062 0.004334 0.010743 0.017056 0.023160 0.028947 0.034310 0.039147 0.043367 0.046888 0.049649 0.051605 0.052733 0.053034 0.052527 0.051253 0.049264 0.046626 0.043409 0.039687 0.035535 0.031024 0.026222 0.021195 0.016003 0.010704 0.005352 
